2.500000000000000000e+01
3.500000000000000000e+01
4.500000000000000000e+01
5.500000000000000000e+01
6.500000000000000000e+01
7.500000000000000000e+01
8.500000000000000000e+01
9.500000000000000000e+01
1.050000000000000000e+02
1.150000000000000000e+02
1.250000000000000000e+02
1.350000000000000000e+02
1.450000000000000000e+02
1.550000000000000000e+02
1.650000000000000000e+02
1.750000000000000000e+02
1.850000000000000000e+02
1.950000000000000000e+02
2.050000000000000000e+02
2.150000000000000000e+02
2.250000000000000000e+02
2.350000000000000000e+02
2.450000000000000000e+02
2.550000000000000000e+02
2.650000000000000000e+02
2.750000000000000000e+02
2.850000000000000000e+02
2.950000000000000000e+02
3.050000000000000000e+02
3.150000000000000000e+02
3.250000000000000000e+02
3.350000000000000000e+02
3.450000000000000000e+02
3.550000000000000000e+02
3.650000000000000000e+02
3.750000000000000000e+02
3.850000000000000000e+02
3.950000000000000000e+02
4.050000000000000000e+02
4.150000000000000000e+02
4.250000000000000000e+02
4.350000000000000000e+02
4.450000000000000000e+02
4.550000000000000000e+02
4.650000000000000000e+02
4.750000000000000000e+02
4.850000000000000000e+02
4.950000000000000000e+02
5.050000000000000000e+02
5.150000000000000000e+02
5.250000000000000000e+02
5.350000000000000000e+02
5.450000000000000000e+02
5.550000000000000000e+02
5.650000000000000000e+02
5.750000000000000000e+02
5.850000000000000000e+02
5.950000000000000000e+02
6.050000000000000000e+02
6.150000000000000000e+02
6.250000000000000000e+02
6.350000000000000000e+02
6.450000000000000000e+02
6.550000000000000000e+02
6.650000000000000000e+02
6.750000000000000000e+02
6.850000000000000000e+02
6.950000000000000000e+02
7.050000000000000000e+02
7.150000000000000000e+02
7.250000000000000000e+02
7.350000000000000000e+02
7.450000000000000000e+02
7.550000000000000000e+02
7.650000000000000000e+02
7.750000000000000000e+02
7.850000000000000000e+02
7.950000000000000000e+02
8.050000000000000000e+02
8.150000000000000000e+02
8.250000000000000000e+02
8.350000000000000000e+02
8.450000000000000000e+02
8.550000000000000000e+02
8.650000000000000000e+02
8.750000000000000000e+02
8.850000000000000000e+02
8.950000000000000000e+02
9.050000000000000000e+02
9.150000000000000000e+02
9.250000000000000000e+02
9.350000000000000000e+02
9.450000000000000000e+02
9.550000000000000000e+02
9.650000000000000000e+02
9.750000000000000000e+02
9.850000000000000000e+02
9.950000000000000000e+02
